Frame;1_X;1_Y;1_Z;2_X;2_Y;2_Z;3_X;3_Y;3_Z;4_X;4_Y;4_Z;5_X;5_Y;5_Z
1;865.403503;826.899536;108.966904;760.136841;735.360535;105.829315;923.997437;1024.225342;474.290405;886.986328;1051.7948;267.361481;870.404663;733.392761;75.621147
2;864.839172;824.814758;111.343887;759.605896;733.374207;110.040573;924.024414;1024.281982;474.509491;886.634888;1051.651489;267.73291;869.69928;730.969849;79.834343
3;863.508301;823.133667;114.100151;759.615906;730.723755;114.346596;924.078918;1024.286743;474.627045;886.172119;1051.316162;268.116455;869.338074;729.009338;82.30912
4;862.549683;821.265869;117.417847;759.507263;728.224976;118.334084;923.772827;1024.474243;474.902863;885.630615;1050.689209;268.632141;868.462036;727.231873;84.912033
5;861.617432;819.362488;120.412437;759.486755;725.840759;122.151299;924.295105;1024.392456;474.911835;884.941589;1050.119263;268.931671;867.628723;724.874023;88.896706
6;860.825439;817.270996;123.163681;759.382019;722.851257;125.617363;924.563049;1024.365967;474.962097;884.309265;1049.578979;269.106415;866.677368;722.833679;92.11338
7;860.220459;815.471375;125.810463;759.131165;720.421692;130.002365;924.64032;1024.252197;475.188782;883.512695;1049.122559;268.980896;866.141296;720.015686;96.050514
8;859.331909;813.321289;128.639679;758.923889;717.715027;133.400604;924.575684;1024.231323;475.339294;882.804871;1048.707397;269.109985;865.603943;718.183044;98.95356
9;858.870361;810.927795;131.503754;758.916382;714.800232;136.330887;924.70752;1024.170776;475.461487;882.154846;1048.234375;269.425079;865.452026;715.949158;101.235611
10;858.119934;808.62677;134.278732;759.107178;711.803894;140.101181;924.693481;1024.156982;475.635284;881.406799;1047.624146;269.818329;864.815186;713.36853;105.27681
11;856.635925;806.744507;137.570419;758.814087;708.910095;142.97644;924.684387;1024.131714;475.857849;880.458313;1046.879639;270.069275;864.143433;710.869507;109.268585
12;855.830688;804.382202;140.364014;759.048584;706.10675;145.689133;924.631409;1024.005737;475.915466;880.034485;1045.923584;270.379242;863.946838;708.3396;112.452126
13;855.064514;802.310059;143.046829;759.302307;702.610962;148.38269;924.281555;1023.923218;476.219391;879.739868;1045.112671;270.598053;863.471802;706.473755;114.834953
14;854.409973;800.005005;146.197586;759.365601;699.226685;151.046127;924.325806;1023.725159;476.240173;879.035461;1044.337402;270.741272;863.342163;703.560608;118.293495
15;853.50238;797.655518;148.890778;759.433411;696.151367;153.283463;924.055115;1023.678223;476.275269;878.043518;1043.407837;271.475708;862.349487;701.518494;121.465622
16;853.370667;795.10437;151.49469;759.746338;693.174561;154.646957;924.08313;1023.567932;476.433289;877.055298;1042.62085;271.973236;862.243652;698.822693;125.325737
17;852.516724;792.881958;154.585907;760.25647;689.952332;156.901917;923.958374;1023.344971;476.567993;876.298767;1041.389771;272.178589;861.603882;697.042419;126.965218
18;851.447205;790.445068;157.590012;760.780273;686.679321;158.739395;923.802307;1023.141663;476.721771;875.337219;1040.326294;272.224548;861.291443;695.040588;130.028625
19;850.894043;788.179932;160.176239;761.261414;683.266357;160.08902;923.483704;1022.87793;476.817169;874.000793;1039.415771;272.416168;861.372009;692.433533;132.277878
20;850.387939;785.828918;162.696533;761.871765;679.707031;161.594467;923.215149;1022.599365;476.887787;873.221375;1038.577271;272.698456;862.085083;690.162903;133.791489
21;849.676208;782.997131;165.159332;762.098633;676.778748;162.502228;922.877991;1022.346619;476.915039;872.081726;1037.320313;272.963135;862.446106;687.120972;136.082458
22;849.628052;780.547852;167.485107;762.717285;673.729797;163.490616;922.246277;1022.113831;477.213257;870.827209;1035.91626;273.23822;862.527161;685.438782;137.474075
23;849.188049;778.52063;169.898041;763.473816;670.648132;164.840485;921.73584;1021.715027;477.330994;870.317505;1034.935303;273.708313;862.277222;683.824036;139.995834
24;848.297485;775.960388;172.371567;764.113708;667.600464;165.583908;921.355469;1021.39325;477.305847;869.414307;1033.663574;274.144043;862.513428;681.729004;141.537109
25;847.714661;773.774658;174.322144;765.116577;664.631836;166.094955;920.945923;1020.921143;477.375092;868.057617;1032.274902;274.343201;863.374512;679.373657;143.042191
26;847.696533;770.892029;176.217987;765.380432;661.632813;166.997543;920.723633;1020.53363;477.347137;867.10376;1031.072388;274.758972;863.656677;677.414673;143.836411
27;847.186401;768.61261;178.49968;766.0448;658.704346;168.197433;920.578003;1020.142883;477.360138;865.815186;1029.759033;274.830505;864.129517;675.404602;145.059174
28;846.723206;766.769287;180.343262;766.993713;655.671387;169.11792;920.289673;1019.84491;477.536438;864.493591;1028.431885;274.800842;864.580688;673.133667;146.367493
29;846.216248;764.061768;182.563889;767.600891;652.716248;169.243835;919.869202;1019.484497;477.700928;863.272888;1027.18457;275.223572;864.021179;670.71698;147.984024
30;845.729431;761.788147;184.041901;768.095093;649.804443;170.053452;919.397949;1018.985046;477.845276;861.945496;1025.786499;275.790283;864.341125;669.206055;149.024292
31;845.480713;759.107056;185.866592;769.042786;646.828918;170.232605;919.01123;1018.573059;477.913879;861.062988;1024.422363;275.943085;864.964417;667.616455;149.724152
32;845.128174;756.877136;186.841858;769.571045;643.979553;170.089386;918.795227;1018.005676;478.046356;859.791382;1023.111633;276.747711;866.316956;666.41156;150.067581
33;845.008972;754.773804;188.11499;770.03418;641.554871;170.021362;919.008301;1017.399109;477.776062;858.422668;1021.735962;277.096497;867.190186;664.729309;150.330856
34;845.049072;752.27124;189.497253;770.650269;638.88324;169.316589;918.49469;1016.775574;478.003418;857.534546;1019.955383;277.251343;867.991333;663.497437;150.449905
35;845.04071;749.909729;190.910507;771.651978;636.109924;168.436829;917.92749;1016.239624;478.399841;856.407837;1018.746155;277.194244;868.447083;661.59375;150.412384
36;844.853088;747.567383;191.701508;772.233032;633.755554;167.374207;917.426636;1015.683105;478.786316;855.334473;1017.414001;277.272644;869.193054;660.273071;150.621094
37;844.529236;745.556824;192.874863;772.996582;631.239868;166.524689;916.718384;1015.077209;478.910919;854.050171;1015.799744;277.658508;869.838562;659.128845;150.320007
38;844.721619;743.125549;194.037704;773.750977;628.862732;164.867294;916.227844;1014.476318;478.847198;852.798645;1014.47113;278.042816;870.705017;657.649109;150.177261
39;844.913818;740.586121;194.622665;774.517944;626.820923;163.448486;915.90741;1013.837524;478.811981;851.886658;1012.802002;278.232941;871.242737;656.132263;148.895599
40;844.889465;738.624207;194.678131;775.280823;624.718567;161.427139;915.671875;1013.316101;478.719971;850.498352;1011.422913;278.865448;871.417358;655.036133;147.627472
41;844.819031;736.350098;194.970612;776.15094;622.838562;159.976746;915.387573;1012.710144;478.728333;849.20575;1010.173401;279.145996;871.236938;654.129211;146.671753
42;844.835571;734.632935;195.081757;776.638123;621.077393;157.849442;914.879333;1012.09613;478.828674;847.934998;1008.578979;279.517059;871.148315;653.2146;144.037643
43;845.325378;732.246765;195.47731;777.113281;619.203796;155.416702;914.373291;1011.553406;478.922394;846.683411;1007.350159;279.654633;871.585388;652.038086;142.840958
44;846.011963;731.256104;196.065765;777.675232;617.755615;153.557053;913.589111;1011.103638;478.96698;845.868469;1006.023499;279.735352;872.10376;651.107422;141.588898
45;845.53717;728.739258;195.730179;778.43634;616.022034;151.779236;912.904602;1010.607971;479.094116;845.085449;1004.357849;279.88269;871.989929;650.673645;139.006149
46;845.355042;726.792419;195.460129;779.017883;614.820313;149.600571;912.643738;1010.015808;479.14563;844.306824;1003.043396;280.046143;871.602783;650.459778;136.806549
47;845.302429;725.027954;194.956543;779.807068;613.588318;147.443909;912.250305;1009.476196;479.105957;843.363037;1001.566711;279.903198;870.799072;649.995605;134.643295
48;845.533264;723.439331;194.201843;779.71936;612.480713;145.324844;911.826538;1008.903503;479.294983;841.87561;999.996765;280.537903;870.60968;649.296448;132.409454
49;845.69635;721.824951;193.73703;780.460449;611.279785;142.734314;911.325317;1008.347595;479.481598;840.663635;998.886658;280.871185;870.193298;648.352051;129.942307
50;845.593994;720.665771;193.207504;780.548279;610.692139;140.3965;910.895752;1007.729309;479.623993;839.692993;997.41925;280.894501;868.976318;647.902222;127.604195
51;845.437195;719.15448;192.656891;780.872314;609.860901;137.857712;910.461426;1007.266357;479.729218;838.433289;995.975586;281.251923;868.157227;647.493286;124.82254
52;845.384644;717.259094;192.577179;781.009277;609.298828;135.771698;910.084351;1006.749329;479.617218;837.492737;994.889954;281.073395;867.27417;647.433716;122.259499
53;845.107483;715.968323;191.609741;781.405518;608.62085;132.821442;909.797302;1006.19165;479.382111;836.877869;993.371155;280.993408;866.179321;647.40918;119.598259
54;844.89856;714.956177;190.046616;781.735962;607.945862;131.334167;909.416687;1005.592712;479.128387;835.858276;992.232483;281.224792;865.308411;647.257446;117.556061
55;844.806946;713.976563;189.171753;782.553101;607.245422;129.981812;909.058655;1005.091675;479.075409;834.915771;991.030884;280.894165;864.66925;647.280029;115.084732
56;844.754456;713.074829;188.207153;782.722229;606.218567;128.94339;908.56543;1004.621399;479.172058;834.490601;989.779785;280.634857;862.357239;647.783325;111.953369
57;844.362244;711.740906;187.600525;782.50531;605.39679;128.162506;907.978455;1004.052673;479.188446;833.605103;988.547363;280.784393;859.936096;647.946167;108.698738
58;843.97821;710.42627;186.833801;782.431763;605.023865;127.529305;907.442566;1003.50531;479.097961;832.701294;987.69873;280.799316;858.996277;647.771851;106.925766
59;843.522705;709.787781;186.374664;782.732971;604.546387;126.660347;906.993652;1003.035034;479.154266;832.219604;986.644775;280.677185;857.560974;647.624512;105.218918
60;842.795166;709.21521;185.809433;783.184509;604.025696;125.730942;906.76532;1002.564575;479.124054;831.937683;985.75061;280.359406;856.859924;646.969177;104.162758
61;842.09845;708.757874;185.051453;783.164734;603.621826;124.843567;906.409729;1002.045837;478.874817;831.432678;985.020935;280.381378;855.374207;646.490051;102.979485
62;841.624084;708.242065;184.198532;783.164429;603.380249;124.317162;906.229553;1001.603455;478.79306;830.690247;984.287048;280.484558;854.214111;645.952332;102.017723
63;841.205444;707.693787;183.965881;783.252319;603.665405;123.876869;905.918091;1001.250549;478.654266;829.922119;983.441772;280.5578;853.386169;645.370483;101.655342
64;840.81366;707.25354;183.946991;783.161743;603.663757;123.636238;905.539917;1000.797913;478.674927;829.417725;982.795898;280.343353;852.636169;644.702942;101.446571
65;840.573364;706.730408;183.919647;783.087524;603.532349;123.512115;905.114136;1000.383728;478.737122;828.894165;982.273376;280.205109;851.735779;644.359863;101.221878
66;840.165649;706.160767;184.307526;782.881653;603.769531;123.275345;904.923523;1000.054016;478.673767;828.226624;981.722229;280.119293;850.81073;644.208008;101.017296
67;839.749695;705.479492;184.391739;782.830811;603.729675;123.092339;904.768005;999.703857;478.702728;827.53833;981.379456;280.249695;850.177185;644.134583;100.840233
68;839.277405;704.914368;184.401535;783.270142;603.843811;123.3228;904.439209;999.37793;478.597321;827.034485;981.221924;280.037384;850.531311;643.38324;101.11602
69;838.666199;704.549927;184.813934;783.637939;603.733826;123.406425;904.241699;999.082214;478.366852;826.759766;980.877808;280.113953;849.977417;643.415771;101.546707
70;837.984924;704.07251;185.121124;783.75708;603.367554;123.26313;904.117737;998.949341;478.085205;826.361694;980.614136;280.21051;848.865845;643.375061;101.453362
71;837.40918;703.647156;185.390121;783.788818;603.142212;123.212471;904.019226;998.819763;477.929504;826.004639;980.393982;280.279236;847.838684;643.435486;101.193726
72;836.967224;703.177124;185.83017;783.778931;603.045715;123.077011;904.147034;998.609741;477.637207;825.694092;980.279541;280.373596;847.167053;643.426758;101.162758
73;836.422913;702.893372;186.333801;783.718262;603.155945;122.967056;904.131714;998.534668;477.49765;825.377136;980.201477;280.312622;846.46283;643.391663;101.171776
74;835.66449;702.542786;186.992096;783.62384;603.408142;122.771469;904.130249;998.364075;477.363068;825.007324;980.071838;280.496185;845.624207;643.637817;101.233391
75;834.784851;702.075256;187.317108;783.380249;604.07373;122.555367;903.968445;998.336365;477.209717;824.564392;980.00238;280.647247;846.000916;643.476807;102.062355
76;833.681274;701.915955;188.161179;782.918762;604.850403;122.278084;903.863892;998.278198;477.065399;824.151123;980.068909;280.438232;845.287659;643.615662;102.611427
77;832.406555;701.445129;189.348114;782.393921;605.569397;122.318733;903.707703;998.236389;477.030457;823.583435;980.152954;280.467621;843.861633;643.89447;102.573181
78;831.175232;701.253662;189.74025;781.373596;605.087463;122.157318;903.66217;998.153198;477.008301;823.162109;980.297058;280.464478;842.509583;644.002014;103.009483
79;829.909058;701.023987;190.010208;780.147217;604.618835;122.78064;903.506226;998.130066;476.953766;822.546082;980.44043;280.836884;841.074951;644.104492;103.052956
80;828.569275;701.061218;190.275818;777.945496;603.963379;123.279289;903.432129;998.106323;476.926025;821.559814;980.705688;281.179688;840.922974;643.662354;104.630753
81;826.795471;701.179993;191.797592;776.502625;603.601013;123.702652;903.178345;998.016235;476.949738;820.86084;980.881531;281.354462;839.553406;643.539673;106.057198
82;825.035278;701.234558;192.726288;775.24176;604.098083;124.267479;903.040771;997.967651;476.925873;820.329041;981.084839;281.367188;837.748108;643.418457;106.924049
83;822.922668;701.562866;193.54686;773.593811;604.742065;124.649086;902.807678;997.8974;476.859589;820.132935;981.293213;281.466278;836.144043;642.844177;107.689583
84;821.027649;701.727478;194.197678;771.484314;605.048279;124.961685;902.595886;997.807922;476.89035;819.755676;981.582092;281.481354;835.792542;641.643372;110.07164
85;818.845032;701.761719;195.121506;768.953003;605.379028;125.977661;902.362915;997.777954;476.98761;818.978455;981.876953;281.66925;833.47937;641.173401;111.587196
86;816.665527;702.155762;195.93364;767.113464;606.374756;127.086052;901.708191;997.759399;477.405731;817.949036;982.363098;282.045746;831.442261;640.997009;112.900871
87;814.204041;702.445007;196.75618;764.416138;606.965576;128.22905;901.748352;997.484375;477.282593;816.971313;982.74884;282.349457;829.526001;640.39386;114.273949
88;811.736572;702.841003;197.582855;761.645569;607.071594;129.495087;901.602966;997.405823;477.183167;815.955078;983.243713;282.767609;826.657288;640.603516;115.763763
89;809.247559;703.176575;198.909454;758.980957;607.409851;131.139725;901.382629;997.405029;477.134338;815.667419;983.545044;283.082672;824.696777;640.172852;117.575653
90;806.356506;703.509827;199.911484;756.104492;608.010071;132.832535;901.178528;997.395935;477.184631;815.120667;983.93811;283.501465;821.350342;640.329468;118.483681
91;803.770996;703.99408;200.95491;752.15979;607.869568;134.354294;900.951538;997.321167;477.215698;814.386292;984.369446;283.699677;818.472961;640.116821;120.12368
92;801.279541;703.97229;201.777725;749.457214;608.441772;135.45784;900.768188;997.336243;477.310089;813.494751;984.744263;284.124207;815.901489;639.76062;121.660988
93;797.934326;704.568115;203.041061;745.977173;609.029785;136.899567;900.245422;997.427185;477.540558;812.359985;985.079773;284.519104;811.535828;639.986084;122.249893
94;795.213806;704.62439;204.496048;742.129272;609.779968;139.094818;899.691162;997.429504;477.855774;811.831055;985.326538;285.101318;806.983093;640.429077;122.945961
95;792.055603;704.986816;204.903442;737.070862;610.824585;141.04863;899.223022;997.402832;477.827484;810.740173;985.70575;285.454224;803.842712;640.390076;124.239059
96;789.120178;705.025085;206.263123;734.139587;611.438782;140.820831;899.207581;997.375977;477.75177;809.579163;986.114075;285.947052;800.528076;640.176208;125.759506
97;785.54248;705.181519;207.704056;730.325623;611.9021;142.249802;899.21344;997.233948;477.609467;808.784912;986.504028;286.369598;796.925049;639.865234;127.506218
98;782.184387;705.691406;208.329422;725.115967;612.159607;143.997772;898.9823;997.246094;477.483521;808.056763;986.842163;286.671356;792.458923;639.794495;128.627701
99;778.525452;705.940247;209.80867;720.614868;612.354431;145.376984;898.766357;997.025757;477.668091;807.147766;987.013611;286.992401;787.253052;640.213379;129.378769
100;774.758484;706.181946;211.201691;716.166626;612.848938;147.479111;898.500366;996.847961;477.728363;806.097778;987.188721;287.489685;782.061462;640.649597;129.990875
101;770.686584;706.655396;212.201355;711.449463;613.996033;149.331787;898.099915;996.796509;477.792938;804.688965;987.268494;288.272766;777.384399;640.899414;131.463074
102;766.651184;707.054565;213.524353;706.148621;614.827332;150.650864;897.748474;996.672119;477.921906;803.539795;987.416382;289.076141;773.490173;640.674072;133.60701
103;762.591553;707.475647;214.755493;701.061401;615.54071;152.195068;897.332703;996.649231;478.044006;802.945496;987.543457;289.806854;769.061035;640.451538;135.20224
104;758.496826;707.947083;215.690598;696.130493;616.141235;153.767151;897.072388;996.533508;478.109467;801.717407;987.552368;290.785675;763.709595;640.424683;136.809555
105;754.009338;708.526917;216.793549;689.851013;616.90094;155.616501;896.732056;996.408447;478.216858;800.487854;987.7677;291.260345;758.352661;640.681458;138.527328
106;749.618896;709.409973;217.917084;684.214111;618.13324;157.44577;896.454773;996.301453;478.326721;798.735779;988.081299;291.880981;752.874146;640.688171;139.649185
107;744.885437;710.166687;218.612305;678.383728;619.193726;159.255707;896.199585;996.281067;478.463379;797.493774;988.235046;292.591949;747.042542;640.871643;140.893036
108;740.072449;710.796875;219.849945;673.185425;619.984741;160.468094;895.965332;996.189697;478.553864;796.150085;988.202942;293.27005;741.00824;640.943359;142.12233
109;735.498596;711.085205;221.034103;667.407532;621.105103;162.227219;895.481812;996.089233;478.616272;794.554138;988.067383;293.994049;735.746948;640.893433;144.028656
110;730.867493;711.538574;222.213394;661.455627;621.947021;163.41333;895.419739;995.903748;478.678223;793.521301;988.105469;294.418854;730.876526;640.351685;145.469086
111;726.122009;712.243225;223.101639;655.359741;623.133728;164.457993;895.09668;995.783936;478.843231;792.279907;988.002258;294.972168;725.178894;640.470215;146.452301
112;721.309387;712.995911;223.725876;649.272034;624.719238;165.595276;894.51947;995.674805;479.084198;790.597778;987.663025;295.535797;719.07373;641.170654;147.420013
113;716.474487;713.539001;224.375793;643.614258;625.900818;166.695389;;;;789.090698;987.457031;296.276306;713.151611;641.795166;148.515564
114;711.601929;714.052795;225.153809;637.839722;626.698059;167.740799;893.550964;995.364014;479.343811;787.655151;987.262878;296.774445;707.586914;641.932739;149.588898
115;706.688599;714.453613;225.834717;631.929504;627.967102;168.943466;893.253601;995.046326;479.649719;786.054504;986.839661;297.735107;701.785095;642.662231;150.144409
116;701.941467;714.931702;226.438782;625.968933;629.140991;169.963882;892.747742;994.813171;479.831512;784.604309;986.295837;298.934143;694.8573;644.23938;149.673264
117;697.089294;715.452942;227.051056;620.31897;630.869934;170.815598;892.366821;994.584534;479.926849;782.459412;985.988159;299.622131;688.950562;644.118591;150.245773
118;692.380615;715.887695;227.795105;614.235535;631.792297;171.394836;892.279236;994.347595;479.94165;781.135071;985.519226;300.347992;683.572632;644.466187;151.026642
119;687.717773;716.151855;228.271835;608.685242;632.719543;172.139313;892.207642;993.981995;479.802063;779.126709;985.083557;301.352692;677.797974;645.629333;151.441696
120;682.725342;716.422546;228.870956;602.80249;634.040955;173.134277;891.50769;993.768127;480.107574;776.577087;984.412476;302.043701;671.924194;647.088684;151.573593
121;677.798157;716.866333;229.35405;596.623657;635.13092;173.764999;890.423401;993.438538;480.619568;776.277954;983.883545;302.538635;666.090027;648.076599;151.725723
122;673.019104;717.281677;229.205612;591.439758;636.25354;174.022644;889.524841;993.123474;480.858398;773.870911;983.522522;303.378326;660.090393;648.960266;151.610672
123;668.325195;717.782837;229.2836;585.659241;637.292053;174.813766;888.512024;992.750305;481.21701;771.845154;982.618958;304.298248;654.360718;649.361572;151.56131
124;663.696106;717.989929;229.79332;579.648193;638.284424;175.280899;887.893005;992.289673;481.384277;770.175293;981.802307;305.193115;649.329041;649.197388;151.980133
125;658.854858;718.344971;229.952271;574.312988;639.506104;175.371048;887.269958;991.651367;481.536407;768.027893;981.166504;305.896942;644.302185;649.266907;152.325104
126;653.939209;718.902588;230.078156;569.389404;641.160828;175.6129;886.93396;991.17334;481.482635;765.816406;980.272766;307.169342;638.232849;650.310242;152.039795
127;649.234192;719.572754;230.389771;564.239624;642.414734;175.430481;886.155273;990.465576;481.598297;764.475342;979.579285;307.890991;632.314636;651.115845;152.011063
128;644.424805;720.093018;230.109329;558.564941;643.377319;175.305099;885.561523;989.711243;481.556366;762.404785;978.679321;308.562286;627.127808;652.415405;151.978104
129;639.909973;720.55603;230.097565;553.085266;644.129211;175.271347;885.219421;989.205505;481.518402;760.47998;977.738159;309.271332;622.298218;654.029724;151.379532
130;635.360535;721.070129;230.055542;547.759583;645.062012;175.517014;884.682251;988.571716;481.820007;758.359131;976.809387;309.809631;617.388367;655.168579;150.995163
131;630.581665;721.51178;230.151443;543.122803;646.49054;175.503937;883.476013;987.909424;482.449463;756.585266;975.908447;311.097626;612.27478;655.301514;151.111191
132;626.301514;721.908936;230.101837;538.42627;647.860657;174.90657;881.833862;987.409668;482.85434;754.75885;974.67572;312.504578;607.038574;656.316284;151.156555
133;621.940552;722.414734;229.517395;533.494202;648.812317;174.097504;880.942444;986.747742;482.96405;;;;602.501404;657.019104;150.714096
134;617.563599;722.661194;229.334625;528.556763;649.518616;174.094833;750.49646;972.614563;313.914185;;;;598.347412;656.816833;150.742966
135;613.420837;723.041809;229.36261;523.912781;650.358948;173.927689;748.955872;971.905579;313.827271;;;;594.111633;657.332275;150.588531
136;609.609192;723.396118;229.141693;519.727112;651.1922;173.638718;747.053894;970.870911;314.757629;;;;589.497253;657.885742;150.004761
137;605.595703;723.615112;228.612381;515.634583;651.977173;172.753998;745.512451;969.565186;316.169159;;;;585.487976;658.509888;149.218781
138;601.970825;723.795776;228.271667;511.8927;652.922058;172.183975;743.463562;968.208618;317.221344;;;;581.782593;659.053589;148.690048
139;598.361389;724.115356;227.578293;507.900848;653.526306;172.048798;741.439758;967.303406;317.748138;;;;577.597656;659.728149;148.001892
140;594.888855;724.27301;227.097961;504.586945;654.185364;171.273331;739.510681;966.239746;318.66449;;;;574.009338;660.129089;147.205887
141;591.514587;724.371643;227.016113;500.690613;654.591003;170.544922;738.055908;965.229004;319.103638;;;;570.202148;661.227417;146.091965
142;588.461853;724.399658;225.945694;497.411255;655.388306;169.404892;736.253235;964.101196;319.962646;;;;566.46051;662.14917;144.827881
143;585.376648;724.413269;225.676163;493.593628;655.872437;169.091125;871.235657;978.810608;485.890533;;;;563.207886;663.084595;143.727448
144;582.281677;724.661682;225.272079;490.766266;656.526611;168.187378;870.179688;978.156311;486.231293;;;;560.773682;663.65741;142.879608
145;579.212219;724.772705;224.46611;487.945953;656.925415;166.307373;869.336609;977.33313;486.463074;;;;557.542419;663.81012;142.544052
146;576.266418;724.488647;224.044846;484.912201;657.490234;165.880569;729.900024;958.963501;323.198669;;;;554.655518;663.925537;142.174484
147;573.506531;724.765442;223.276199;481.469391;657.634705;165.606888;728.053711;957.828003;324.262482;;;;552.03772;664.240601;140.959366
148;570.917969;724.826416;222.800095;478.720184;657.847046;164.764603;726.393738;956.544922;325.506073;;;;548.87793;664.782471;140.048111
149;568.016479;724.920227;222.245377;475.89801;658.418274;163.827744;724.881348;955.19165;326.351471;;;;546.073364;665.164063;139.454468
150;565.34198;724.668274;221.839554;473.427887;658.875122;162.691742;723.747131;954.206177;326.71405;;;;543.575134;664.609253;138.897171
151;562.879333;724.860107;221.08345;470.916534;659.472229;161.135468;722.173645;952.943542;327.258789;;;;541.526672;665.094116;137.940048
152;560.447266;725.063049;220.538635;468.696289;659.701233;160.045029;721.226135;951.774963;327.628357;;;;538.913818;665.940979;136.819092
153;557.999207;724.956116;219.845367;466.187286;659.851135;159.585312;719.88739;950.510864;328.028564;;;;536.605896;665.629333;136.146347
154;555.783386;725.015198;219.383118;464.66391;660.266785;157.737335;860.910706;970.145386;489.175964;;;;534.323975;665.94043;135.562027
155;553.218933;725.127075;218.217651;462.272949;660.635498;156.436508;860.550232;969.206726;489.263763;;;;532.278931;666.146118;134.370346
156;551.387085;725.115417;217.681335;460.126617;660.758728;156.192902;859.539307;968.452515;489.29895;;;;530.380981;666.087219;133.72023
157;549.218567;725.156555;217.243546;457.794434;661.202698;155.809982;858.702698;967.848083;489.314026;;;;528.355225;667.020081;133.277374
158;547.115784;724.996033;216.61702;455.201233;661.081482;154.726349;714.087341;944.827148;330.782318;;;;526.428589;666.659485;132.648376
159;545.324097;724.969849;216.031601;453.169159;661.34375;154.458466;857.001404;966.224609;489.656555;;;;524.252563;666.828796;131.985245
160;543.292358;724.952209;215.174255;451.567017;661.743042;153.409637;855.580627;965.577148;490.209137;;;;522.720215;666.388489;131.665283
161;541.776733;724.79718;214.650314;449.767548;662.081421;152.523102;854.33667;965.111633;490.540771;;;;521.061523;667.008118;130.681046
162;540.197327;724.798767;213.835617;448.064606;661.972961;151.610962;853.970459;964.442566;490.370697;;;;519.385376;666.885498;130.095718
163;538.764221;724.953308;212.609268;446.167603;662.013306;150.669922;853.366699;963.684326;490.244171;;;;517.710449;667.329041;129.007004
164;537.106018;724.442566;212.885345;444.703979;662.041809;150.500397;707.532837;938.544067;333.287048;;;;516.282593;667.156128;128.046249
165;535.682434;724.223389;212.029358;443.236694;662.127258;149.843826;706.471924;937.557739;333.425262;;;;514.965454;667.727844;127.089104
166;534.367981;723.994324;211.37973;441.858368;661.972168;149.044342;851.717041;961.92627;489.543793;;;;513.378113;667.508423;126.584808
167;533.379822;723.658447;210.518753;440.394745;661.887817;148.221802;851.03418;961.293701;489.662018;;;;511.617737;668.060059;125.592445
168;532.130371;723.246216;209.962723;439.078888;662.123474;147.119431;849.799683;960.789124;489.742645;;;;510.619019;668.32843;124.982086
169;530.695984;723.021973;209.586975;438.272552;662.094421;146.47142;848.937256;960.029419;489.661102;;;;509.473633;668.411316;124.111244
170;529.262756;722.853271;209.143814;436.992432;661.903503;145.595413;847.956055;959.581787;489.594849;;;;508.54657;668.483215;123.618881
171;528.305725;722.577576;208.615372;435.757324;661.749695;144.821243;847.197876;959.145508;489.382843;;;;506.907349;667.954041;122.75721
172;527.362305;722.365845;207.707977;434.21106;661.550598;144.421661;846.413086;958.613037;489.373779;;;;505.574402;668.097656;121.690918
173;526.448914;722.116821;207.124832;432.920288;661.616333;143.795532;845.855652;957.921509;489.452972;;;;504.753693;668.207458;121.006485
174;525.28009;721.847046;206.123932;432.624786;661.696838;142.707947;845.462891;957.223816;489.184265;;;;503.766479;668.497009;120.036667
175;524.273682;721.534241;205.387207;431.911987;661.865417;140.922913;698.484497;928.248779;334.872711;;;;502.935455;668.449585;119.248734
176;523.118103;721.053894;205.109253;430.899414;661.820129;140.360809;845.11969;956.220886;488.418976;;;;501.640289;668.000854;118.332039
177;522.234436;720.758423;204.365387;429.397827;661.558472;139.835709;844.958862;955.687744;487.999237;;;;500.644592;667.933594;117.705101
178;521.373047;720.727722;203.620316;428.281586;661.42688;139.006714;844.259155;955.0177;487.891174;;;;500.024475;667.306396;117.125671
179;520.282166;720.683777;202.869781;427.577362;661.322571;137.644257;843.085022;954.583923;487.992371;;;;499.085114;667.234985;116.149261
180;519.126221;720.412048;202.626419;426.880859;661.428589;136.299683;842.346558;954.139404;488.013275;;;;498.59906;667.109619;115.314209
181;518.267761;720.125366;201.655991;426.333832;661.401978;135.553711;841.751465;953.696899;487.838989;;;;498.339752;666.71405;114.082016
182;517.588562;720.137573;200.511322;426.137665;661.404846;134.045822;841.227661;953.271606;487.55188;;;;498.15152;665.955261;113.21376
183;516.926575;720.123535;199.694046;425.492004;661.53363;132.77269;840.69751;952.860413;487.497742;;;;497.92337;665.707581;112.467117
184;516.357544;720.13324;199.058945;424.750214;661.213379;131.743073;839.863342;952.423157;487.538483;;;;497.347229;665.984009;111.38192
185;515.548889;720.076355;197.921875;424.79187;661.209534;130.381088;838.957397;951.872681;487.489197;;;;497.038544;666.148315;110.782364
186;514.914978;720.089233;196.414413;424.236725;661.18219;128.72998;838.119263;951.468994;487.313782;;;;496.64093;665.807617;109.771408
187;514.659485;719.974243;195.501129;423.703766;660.975037;127.834274;691.804626;918.533081;333.585205;;;;496.530548;665.808899;108.106018
188;514.480042;719.750854;194.42099;423.325714;660.551453;126.717667;691.190613;917.896973;333.413208;;;;496.349304;666.490112;106.211594
189;514.106812;719.36322;192.968063;423.889069;660.400146;124.760757;690.484375;917.246765;333.263275;;;;496.527954;666.420593;105.205566
190;513.623962;719.11261;192.005295;423.766663;660.514771;123.280678;690.170166;916.639099;333.111084;;;;496.644012;666.356506;104.548836
191;513.355957;718.942444;191.435043;423.42926;660.334473;122.236313;689.982605;915.817566;332.957062;;;;496.354492;666.148376;103.300819
192;513.34375;718.731934;190.18956;423.395172;660.016113;120.65937;689.756714;915.105164;332.58139;;;;496.136414;665.797546;101.071426
193;513.420349;718.464172;188.592575;424.316711;660.107056;118.728661;689.576843;914.549316;332.386292;;;;496.704651;666.438965;99.592926
194;513.535645;718.091675;187.02121;424.799744;660.100037;117.368439;689.400085;913.944397;332.167084;;;;497.021515;666.947937;98.677414
195;513.283875;717.919434;186.128479;424.14151;659.825928;115.591141;689.048767;913.258057;331.940308;;;;497.24765;667.132874;96.972435
196;513.476318;717.887878;185.041428;424.487823;659.682434;113.551666;688.592102;912.375122;332.001068;;;;497.239807;667.860413;94.392532
197;513.65448;717.795532;183.490341;424.736542;659.584045;112.243469;833.810608;947.36554;485.26355;;;;497.569031;668.315857;92.826195
198;514.032837;717.632629;181.89502;424.947968;658.987305;111.739754;833.21344;946.927002;485.165405;;;;497.795258;669.323486;91.749207
199;514.195435;717.473083;180.989471;424.981354;658.345215;111.139824;832.916809;946.74585;484.574738;;;;497.880066;668.406433;91.402435
200;514.403625;717.448364;180.096191;424.964935;658.23584;110.823143;832.618286;946.403748;484.567841;;;;497.696625;667.33313;91.512352
201;514.586914;717.375244;179.39888;424.748413;658.146423;110.635696;832.095093;946.154114;484.497223;;;;497.339417;666.68042;91.321648
202;514.636414;717.220703;178.842972;424.360382;658.058289;110.594757;831.460327;945.954346;484.318604;;;;496.454437;667.629028;90.595123
203;514.715271;716.895752;178.7724;423.896332;658.101318;110.452774;831.010437;945.815857;483.995239;;;;495.78891;667.986145;89.769028
204;514.790894;716.601379;178.691223;423.564636;657.939819;110.448959;830.763245;945.742798;483.636169;;;;495.474487;667.783691;89.531403
205;514.723938;716.456909;178.37944;423.272552;657.736572;110.651337;830.547852;945.625;483.109497;;;;495.456238;666.59668;89.808052
206;514.742249;716.318542;178.092377;423.153351;657.452271;110.613121;688.384644;909.032288;326.730896;;;;495.283356;665.615479;90.131149
207;514.879395;716.153564;177.787781;423.01059;657.333557;110.598625;830.359436;945.510498;482.870728;;;;495.302643;664.80481;90.169029
208;514.950012;715.958984;177.666367;422.875366;657.163818;110.592491;830.371582;945.522217;482.741028;;;;495.3284;664.76416;89.839188
209;514.925598;715.783875;177.556213;422.674927;657.052063;110.67556;830.108521;945.510925;482.557434;;;;494.909454;664.737976;90.024155
210;515.037476;715.612244;177.381332;422.538391;656.945801;110.90905;829.736267;945.518127;482.450653;;;;494.678772;664.314575;89.96312
211;515.026855;715.396301;177.408295;422.398285;656.759888;110.97271;829.565491;945.627625;482.224426;;;;494.56842;664.028564;89.71846
212;515.102173;715.382751;176.861237;422.197266;656.724243;111.026283;688.297913;909.420532;325.063751;;;;494.269745;663.972473;89.202461
213;515.323608;715.205322;176.687683;422.058929;656.650146;111.129471;829.303772;945.861877;481.904053;;;;494.027252;663.705872;89.194054
214;515.357056;714.908936;176.440048;422.215118;656.679077;110.928711;829.091003;945.981934;481.758209;;;;493.616669;664.724915;88.71769
215;515.437195;714.924377;176.116882;828.946838;946.175903;481.484344;;;;;;;493.894653;664.163269;88.648506
216;515.669861;714.800842;175.74646;828.869141;946.441223;481.115692;;;;;;;494.172241;663.696228;88.642715
217;515.896057;714.860413;175.320938;421.796478;656.618347;111.154755;;;;;;;494.079559;664.067383;88.36145
218;516.078674;714.846069;175.010208;421.76059;656.655518;111.064362;;;;;;;494.354553;664.076782;87.662956
219;516.254761;714.78363;174.817978;421.669739;656.527283;111.215462;;;;;;;494.208344;664.775513;87.180855
220;516.420166;714.644592;174.826996;421.53006;656.710327;111.209518;;;;;;;494.019623;665.674683;86.576363
221;516.582275;714.588379;174.760834;421.55365;656.869812;111.270622;;;;;;;493.976257;665.945068;86.264778
222;516.732666;714.558594;174.550812;421.493866;656.92749;111.373276;;;;;;;493.799835;666.011658;86.404228
223;516.941345;714.543579;174.222275;421.468231;656.923157;111.445885;;;;;;;493.947235;666.065063;86.157478
224;517.085876;714.620972;173.831039;421.372803;656.931946;111.444542;;;;;;;494.099609;666.096375;86.010796
225;517.080261;714.912231;173.176178;421.253052;656.928223;111.502808;;;;;;;494.214233;666.144531;85.83667
226;517.05365;714.848267;173.214035;421.238708;657.003052;111.519493;;;;;;;494.215942;666.194885;85.753723
227;517.01123;714.851624;173.157867;686.905457;911.257874;322.263763;;;;;;;494.184448;666.30719;85.634209
228;517.012451;714.830627;173.012497;686.947815;911.316345;322.038696;;;;;;;494.39032;666.219116;85.296646
229;517.052063;714.832642;172.946884;686.837219;911.463135;322.169586;;;;;;;494.435059;666.184937;85.212791
230;517.111328;714.833374;172.92717;686.659668;911.578552;322.194122;;;;;;;494.471558;666.172363;85.213982
231;517.111206;714.823303;172.915039;686.600403;911.616394;322.148346;;;;;;;494.437897;666.17865;85.17894
232;517.141785;714.853394;172.789337;686.686584;911.712158;322.058807;;;;;;;494.435364;666.261902;85.064095
233;517.168762;714.8349;172.765869;686.64563;911.765564;321.942413;;;;;;;494.388397;666.258179;84.870506
234;517.258606;714.819519;172.656479;686.579468;911.865051;321.867432;;;;;;;494.387573;666.285461;84.983376
235;517.301575;714.743713;172.606583;686.681091;911.963562;321.677368;;;;;;;494.383057;666.149048;84.929214
236;517.35907;714.744751;172.491531;686.720398;911.978882;321.623657;;;;;;;494.488647;666.090332;84.813728
237;517.394409;714.63562;172.470535;686.660461;912.071533;321.573639;;;;;;;494.578094;666.176941;84.943909
238;517.573303;714.699463;172.340591;686.486816;912.112122;321.609589;;;;;;;494.41217;666.196594;84.768272
239;517.547363;714.550049;172.237854;686.436829;912.143372;321.55481;;;;;;;494.496216;666.222412;84.819221
240;517.630981;714.37262;172.124817;686.425049;912.160217;321.531921;;;;;;;494.535034;666.212341;84.768822
241;517.690552;714.340088;172.00116;686.38623;912.25177;321.478241;;;;;;;494.626617;666.191772;84.760994
242;517.727234;714.223877;172.011734;686.39801;912.249512;321.46283;;;;;;;494.712585;666.242126;84.718948
243;517.803162;714.053589;171.975464;686.376221;912.263855;321.429169;;;;;;;494.676666;666.257629;84.63121
244;517.882996;714.077087;171.831009;686.297058;912.258606;321.402863;;;;;;;494.650208;666.184204;84.591995
245;518.052368;714.030029;171.800522;686.272217;912.218323;321.435699;;;;;;;494.704071;666.091064;84.491219
246;517.976135;713.752441;171.688156;686.248657;912.140076;321.487305;;;;;;;494.696289;666.141113;84.551407
247;517.930054;713.635925;171.731628;686.14563;912.226379;321.465851;;;;;;;494.672363;666.16449;84.539101
248;517.949341;713.534241;171.76358;686.143311;912.150024;321.484985;;;;;;;494.680695;666.159546;84.4804
249;517.935791;713.517822;171.774399;686.131775;912.139465;321.497162;;;;;;;494.725922;666.139709;84.511887
250;517.959351;713.458252;171.73114;686.166077;912.144409;321.441895;;;;;;;494.763489;666.127563;84.578545
251;517.934143;713.449524;171.74411;686.1651;912.154846;321.429474;;;;;;;494.755157;666.102844;84.528648
252;517.901123;713.368164;171.743912;686.136169;912.152466;321.468811;;;;;;;494.591064;666.155334;84.358627
253;517.855713;713.352905;171.800613;686.158203;912.109497;321.514099;;;;;;;494.6828;666.17572;84.455139
254;517.815613;713.293396;171.847519;686.128845;912.088623;321.591705;;;;;;;494.582703;666.057434;84.26255
255;517.783691;713.272949;171.845749;686.087769;912.164307;321.632751;;;;;;;494.667389;666.152222;84.454147
256;517.781189;713.227356;171.910629;685.972229;912.165283;321.713623;;;;;;;494.69519;666.237061;84.479195
257;517.757019;713.228516;171.896286;685.981506;912.164429;321.763062;;;;;;;494.525024;666.118652;84.228928
258;517.666077;713.089478;171.984344;686.05365;912.167786;321.784393;;;;;;;494.647888;666.248352;84.392639
259;517.645386;713.073303;172.042175;686.21936;912.105774;321.732544;;;;;;;494.732422;666.254761;84.500732
260;517.671143;713.099121;172.044998;686.202148;912.087402;321.730377;;;;;;;494.582947;666.271484;84.393433
261;517.656616;713.087036;172.034485;686.12616;912.112305;321.774689;;;;;;;494.699799;666.338928;84.422958
262;517.664246;713.087646;172.023163;686.121765;912.185425;321.815247;;;;;;;494.743744;666.397522;84.452179
263;517.655273;713.084656;172.03186;686.017273;912.192688;321.858185;;;;;;;494.798279;666.307556;84.442924
264;517.651062;713.092468;171.966583;686.00531;912.168091;321.929169;;;;;;;494.782074;666.299316;84.475197
265;517.67981;713.015198;171.959122;685.956848;912.192139;321.961792;;;;;;;494.793823;666.337524;84.436516
266;517.680664;713.0047;171.957657;686.045288;912.174133;321.959167;;;;;;;494.800079;666.41925;84.394218
267;517.715454;713.074829;171.968201;686.036865;912.164124;321.918274;;;;;;;494.786438;666.472351;84.407875
268;517.765686;713.099487;171.871811;686.026794;912.163513;321.913849;;;;;;;494.832703;666.435303;84.433517
269;517.879456;713.133301;171.908813;686.021851;912.164612;321.920715;;;;;;;494.865784;666.385864;84.398392
270;517.90802;713.145447;171.848328;686.077576;912.161438;321.972595;;;;;;;494.940216;666.411987;84.22509
271;517.927734;713.149231;171.856476;686.082275;912.194458;322.014557;;;;;;;494.953491;666.455505;84.179886
272;517.786499;713.069519;172.024338;686.05835;912.158081;322.037262;;;;;;;494.938965;666.519653;84.271072
273;517.810059;713.063049;171.984161;686.029541;912.179504;322.077271;;;;;;;494.92276;666.516724;84.269081
274;518.031799;713.164185;171.766434;686.045288;912.164673;322.159302;;;;;;;494.977814;666.560242;84.260864
275;518.100403;713.238953;171.704453;685.978577;912.147949;322.203796;;;;;;;494.936157;666.526184;84.251694
276;518.154602;713.207947;171.771912;686.056946;912.257813;322.187073;;;;;;;494.958252;666.505188;84.258408
277;518.173157;713.202148;171.77002;686.145325;912.169495;322.117432;;;;;;;495.031982;666.565857;84.250488
278;518.230774;713.220337;171.688263;686.138611;912.164551;322.094666;;;;;;;495.012665;666.685974;84.208214
279;518.248047;713.215759;171.651047;686.170837;912.143066;322.08847;;;;;;;495.041229;666.715088;84.226791
280;518.266663;713.231873;171.668625;686.239014;912.136108;322.13208;;;;;;;495.003204;666.712646;84.19902
281;518.290588;713.225159;171.608414;686.197266;912.149048;322.193909;;;;;;;494.993896;666.607239;84.221497
282;518.358093;713.169861;171.580963;686.111328;912.052979;322.220215;;;;;;;495.032166;666.565613;84.213486
283;518.264648;713.123962;171.685837;686.07312;912.02533;322.272278;;;;;;;495.090759;666.640991;84.227631
284;518.332153;713.141418;171.618362;686.102783;912.024414;322.329376;;;;;;;495.057465;666.678772;84.21756
285;518.331238;713.12323;171.591034;686.160095;911.998413;322.318939;;;;;;;494.797211;666.73468;83.945763
286;518.334106;713.130981;171.622498;686.157654;912.024109;322.315186;;;;;;;494.922241;666.751648;84.077896
287;518.270996;713.17334;171.740921;686.111389;911.924072;322.304749;;;;;;;495.036774;666.695374;84.203285
288;518.188293;713.114929;171.816269;686.140869;911.913818;322.28064;;;;;;;495.064117;666.655762;84.239105
289;518.179382;713.102783;171.822845;686.14624;911.873596;322.322357;;;;;;;495.020355;666.633057;84.231567
290;518.150757;713.115479;171.828934;686.190918;911.864136;322.395477;;;;;;;495.046722;666.66864;84.250191
291;518.224609;713.035583;171.677017;686.182312;911.800537;322.37616;;;;;;;495.045868;666.676453;84.219841
292;518.239258;712.971069;171.723831;686.252502;911.77771;322.332825;;;;;;;495.083344;666.641907;84.224991
293;518.260193;712.906799;171.743561;686.273621;911.787842;322.384125;;;;;;;495.055115;666.656433;84.221497
294;518.137573;712.994873;171.803741;686.317444;911.685303;322.389465;;;;;;;495.043976;666.646423;84.216072
295;518.223145;712.955322;171.64032;686.333496;911.664917;322.373535;;;;;;;495.066956;666.622437;84.194794
296;518.230103;712.977905;171.863235;686.335205;911.670471;322.367828;;;;;;;495.047363;666.659241;84.210114
297;518.122803;712.961792;171.79715;686.361816;911.579346;322.331421;;;;;;;495.044128;666.600281;84.235107
298;518.195557;712.982788;171.74733;686.374329;911.580139;322.411865;;;;;;;495.091187;666.552856;84.223808
299;518.252319;712.917419;171.794891;686.398438;911.558777;322.443115;;;;;;;495.129456;666.561951;84.222977
300;518.27417;712.889221;171.821594;686.383179;911.577759;322.43042;;;;;;;495.114868;666.568909;84.256973
301;518.210938;712.900208;171.737457;686.389404;911.496277;322.398224;;;;;;;495.066925;666.622559;84.245148
302;518.210571;712.886597;171.768494;686.500732;911.444946;322.42804;;;;;;;495.047241;666.65094;84.223755
303;518.095825;712.786011;171.932434;686.512451;911.450562;322.434448;;;;;;;495.078705;666.676575;84.214447
304;518.2323;712.960449;171.828323;686.492615;911.472534;322.424438;;;;;;;495.057281;666.600708;84.234779
305;518.338562;712.956177;171.759293;686.49646;911.389282;322.397461;;;;;;;495.175842;666.609619;84.212914
306;518.345093;712.943176;171.75676;686.54834;911.340759;322.378784;;;;;;;495.158905;666.582397;84.180664
307;518.325867;712.950256;171.72879;686.683777;911.33252;322.466278;;;;;;;495.174225;666.558044;84.21666
308;518.301392;712.926331;171.753128;686.697693;911.24054;322.496033;;;;;;;495.148224;666.570557;84.226189
309;518.330261;712.938599;171.768204;686.698914;911.216919;322.489746;;;;;;;495.194672;666.543701;84.233917
310;518.334717;712.934814;171.753189;686.701172;911.220886;322.482941;;;;;;;495.196869;666.540405;84.241264
311;518.372131;712.912964;171.755081;686.772278;911.133179;322.503357;;;;;;;495.189362;666.545593;84.239204
312;518.339233;712.877686;171.756393;686.792419;911.116699;322.497253;;;;;;;495.183319;666.541931;84.20211
313;518.360229;712.921265;171.73941;686.772583;911.12854;322.505219;;;;;;;495.13974;666.569946;84.175819
314;518.342651;712.892517;171.47847;686.944275;911.0849;322.368347;;;;;;;495.117523;666.672913;84.173378
315;518.35321;712.89325;171.428207;686.923218;911.102295;322.453186;;;;;;;495.065826;666.618591;84.226273
316;518.376343;712.89502;171.408432;686.87738;911.113342;322.533539;;;;;;;495.15799;666.55481;84.234344
317;518.419128;712.861511;171.48085;686.856995;911.114197;322.555481;;;;;;;495.122498;666.618042;84.211914
318;518.433105;712.777344;171.575531;420.67572;656.977783;111.457924;;;;;;;495.121216;666.602173;84.166382
319;518.432129;712.825867;171.48085;686.955017;911.012817;322.552124;;;;;;;495.13324;666.633362;84.223427
320;518.556274;712.809448;171.493484;687.14447;910.979309;322.380249;;;;;;;495.138123;666.598572;84.22036
321;518.464355;712.838013;171.456131;687.08728;910.910339;322.40741;;;;;;;495.11322;666.538818;84.106781
322;518.567444;712.817322;171.490738;687.009766;910.901855;322.48172;;;;;;;495.095245;666.650818;84.115257
323;518.588867;712.832092;171.452301;687.015564;910.900635;322.567627;;;;;;;495.104767;666.686096;84.162498
324;518.555725;712.825317;171.737213;420.679779;656.97821;111.456108;;;;;;;495.159607;666.6698;84.190514
325;518.572021;712.812439;171.786209;420.674469;656.97699;111.462936;;;;;;;495.147491;666.59845;84.212845
326;518.570496;712.788757;171.815414;420.671021;656.976074;111.465019;;;;;;;495.177979;666.546143;84.234398
327;518.565491;712.742798;171.782288;420.635712;656.973022;111.407745;;;;;;;495.144897;666.639587;84.205536
328;518.576721;712.742981;171.769562;420.657532;656.958191;111.446037;;;;;;;495.117615;666.700256;84.169945
329;518.58136;712.810669;171.759171;420.639954;657.057983;111.425957;;;;;;;495.080475;666.672058;84.205208
330;518.581421;712.820923;171.756424;420.67334;657.001892;111.445961;;;;;;;495.180206;666.558594;84.22728
331;518.638245;712.74884;171.815857;420.757324;656.958252;111.51004;;;;;;;495.203918;666.515076;84.216194
332;518.647766;712.728088;171.748367;420.680511;657.045715;111.469612;;;;;;;495.154327;666.559082;84.223373
333;518.638672;712.736816;171.806381;420.727692;657.00061;111.443535;;;;;;;495.19101;666.548828;84.230881
334;518.638611;712.676392;171.827454;420.67453;656.986633;111.404564;;;;;;;495.153992;666.571472;84.224991
335;518.678528;712.687317;171.809509;420.766632;656.960144;111.456177;;;;;;;495.132385;666.588135;84.212433
336;518.685913;712.64502;171.845047;420.763214;656.947449;111.489731;;;;;;;495.087067;666.592163;84.200424
337;518.693787;712.573364;171.96521;420.773956;656.951721;111.484093;;;;;;;495.135712;666.543518;84.182411
338;518.692993;712.563965;171.98378;420.782593;656.956909;111.469856;;;;;;;495.067627;666.537354;84.175285
339;518.687256;712.614746;171.866348;420.785858;656.958862;111.463364;;;;;;;495.111481;666.581177;84.201759
340;518.744507;712.561157;171.936813;420.691406;656.977295;111.451508;;;;;;;495.093384;666.585449;84.17321
341;518.653503;712.503235;171.961517;420.756409;656.959595;111.475754;;;;;;;495.078766;666.593628;84.189522
342;518.727173;712.541504;171.967636;420.741913;656.963196;111.501366;;;;;;;495.077209;666.584473;84.166336
343;518.736023;712.469788;171.971146;420.739899;657.050781;111.418846;;;;;;;495.027863;666.557861;84.153679
344;518.754211;712.504333;171.969406;420.69809;657.004822;111.419014;;;;;;;495.044342;666.56897;84.118279
345;518.762512;712.47052;171.933121;420.754272;656.964661;111.520485;;;;;;;495.073608;666.59613;84.178009
346;518.767212;712.433105;171.971313;420.723358;656.957947;111.46299;;;;;;;495.026184;666.550293;84.216362
347;518.767029;712.452515;171.957413;420.724365;656.967834;111.419029;;;;;;;495.008881;666.526611;84.221809
348;518.72052;712.466919;171.870834;420.738495;656.970947;111.477791;;;;;;;495.043488;666.558838;84.246925
349;518.822754;712.455811;171.935471;420.772461;656.956238;111.486397;;;;;;;495.055939;666.564697;84.22007
350;518.81958;712.441528;171.933075;420.690338;656.973572;111.460159;;;;;;;495.078247;666.578369;84.166321
351;518.837952;712.455383;171.903015;420.741638;657.040588;111.421661;;;;;;;495.064514;666.588745;84.147781
352;518.867432;712.444519;171.856277;420.751678;656.989441;111.468262;;;;;;;495.022858;666.559509;84.118561
353;518.9021;712.446045;171.885605;420.775116;656.952576;111.481689;;;;;;;495.010925;666.549133;84.112579
354;518.874146;712.477722;171.82222;420.738037;656.959351;111.503326;;;;;;;495.057495;666.568542;84.11393
355;519.001526;712.408875;171.665741;420.764923;656.954468;111.488571;;;;;;;495.082397;666.594421;84.185532
356;518.934265;712.436401;171.780472;420.784027;656.956421;111.46833;;;;;;;495.069519;666.576904;84.139824
357;518.933105;712.544006;171.760117;420.788422;656.958923;111.460571;;;;;;;495.022797;666.55835;84.14492
358;518.95105;712.504944;171.614487;420.786377;656.958923;111.462555;;;;;;;495.044098;666.570313;84.119255
359;519.01532;712.510376;171.450409;420.766327;657.039124;111.41404;;;;;;;495.042236;666.648682;84.049911
360;519.003052;712.516113;171.582535;420.754242;656.979675;111.382866;;;;;;;495.010406;666.598022;84.081696
361;519.002075;712.509094;171.602875;420.806946;657.041626;111.417435;;;;;;;494.971283;666.577026;84.102196
362;518.992126;712.496887;171.535995;420.769043;657.066895;111.451645;;;;;;;495.046173;666.573181;84.112595
363;519.030273;712.539551;171.498856;420.776245;656.973572;111.47094;;;;;;;495.035583;666.551392;84.122734
364;519.043457;712.520569;171.415039;420.766785;656.954102;111.529739;;;;;;;494.937683;666.570618;84.101761
365;519.01886;712.65686;171.3004;420.813965;656.959412;111.542572;;;;;;;494.94455;666.592529;84.086716
366;519.043884;712.676331;171.301804;420.775421;656.964417;111.535309;;;;;;;494.919647;666.59552;84.081139
367;519.075073;712.672363;171.276443;420.816711;656.966125;111.528313;;;;;;;494.947937;666.582397;84.052475
368;519.016968;712.689453;171.209915;420.836609;656.968872;111.516235;;;;;;;494.923004;666.588196;84.076492
369;519.068604;712.781616;170.994431;420.840912;656.832214;111.669823;;;;;;;494.909576;666.526184;84.121826
370;519.122559;712.92749;170.895432;420.78653;656.908813;111.58535;;;;;;;494.895081;666.550476;84.079414
371;519.172424;712.976196;170.799805;420.759796;656.966492;111.532715;;;;;;;494.901306;666.580444;84.038834
372;519.187805;713.03595;170.755829;420.821472;656.975342;111.514809;;;;;;;494.86441;666.562744;84.039108
373;519.151978;712.985107;170.425766;420.771362;656.973877;111.553841;;;;;;;494.746674;666.522217;84.039383
374;519.138;712.983582;170.332611;420.793457;656.952576;111.528015;;;;;;;494.986176;666.729492;83.538467
375;519.195007;712.994934;170.287979;420.734344;656.954834;111.455971;;;;;;;495.09549;666.861267;83.361771
376;519.342041;713.014954;170.286957;420.74707;656.970215;111.545929;;;;;;;494.414856;666.839966;82.515518
377;519.3927;713.069763;170.19603;420.768311;656.972595;111.579277;;;;;;;494.581818;666.911133;82.93145
378;519.254089;713.035278;170.077179;420.743561;656.965027;111.591583;;;;;;;494.647797;666.702209;83.013405
379;519.247009;712.987244;170.104492;420.747589;656.958252;111.560608;;;;;;;494.597229;666.624023;82.960022
380;519.293091;712.777466;170.448471;420.731293;656.954285;111.557892;;;;;;;494.496735;666.455811;83.75647
381;519.171082;712.739136;170.44014;420.701538;656.969788;111.507736;;;;;;;494.20755;666.374634;83.580025
382;519.150818;712.753784;170.28006;420.67276;656.977905;111.461372;;;;;;;494.439941;666.404297;83.783707
383;519.117493;712.709412;170.254532;686.946777;907.624146;325.699768;;;;;;;494.589447;666.312561;83.925209
